Bus.con = [ ... 
  1  16.5  1  0  4  1;
  2  18  1  0  5  1;
  3  13.8  1  0  3  1;
  4  230  1  0  2  1;
  5  230  1  0  2  1;
  6  230  1  0  2  1;
  7  230  1  0  2  1;
  8  230  1  0  2  1;
  9  230  1  0  2  1;
 ];

Line.con = [ ... 
  9  8  100  230  60  0  0  0.0119  0.1008  0.209  0  0  0  0  0  1;
  7  8  100  230  60  0  0  0.0085  0.36  0.149  0  0  0  0  0  1;
  9  6  100  230  60  0  0  0.039  0.85  0.358  0  0  0  0  0  1;
  7  5  100  230  60  0  0  0.032  0.805  0.306  0  0  0  0  0  1;
  5  4  100  230  60  0  0  0.01  0.085  0.176  0  0  0  0  0  1;
  6  4  100  230  60  0  0  0.017  0.092  0.158  0  0  0  0  0  1;
  2  7  100  18  60  0  0.07826087  0  0.0625  0  0  0  0  0  0  1;
  3  9  100  13.8  60  0  0.06  0  0.0586  0  0  0  0  0  0  1;
  1  4  100  16.5  60  0  0.07173913  0  0.0576  0  0  0  0  0  0  1;
 ];

SW.con = [ ... 
  1  100  16.5  1.04  0  99  -99  1.1  0.9  0.8  1  1  1;
 ];

PV.con = [ ... 
  2  100  18  1.63  1.025  99  -99  1.1  0.9  1  1;
  3  100  13.8  0.85  1.025  99  -99  1.1  0.9  1  1;
 ];

PQ.con = [ ... 
  6  100  230  0.9  0.3  1.2  0.8  0  1;
  8  100  230  1  0.35  1.2  0.8  0  1;
  5  100  230  1.25  0.5  1.2  0.8  0  1;
 ];

Syn.con = [ ... 
  1  100  16.5  60  6  0  0  0.146  0.0608  0  8.96  0  0.0969  0.0969  0  0.31  0  47.28  4.728  0  0  1  1  0.002  0  0  1  1;
  2  100  18  60  6  0  0  0.8958  0.1198  0  6  0  0.8645  0.1969  0  0.535  0  12.8  2.56  0  0  1  1  0.002  0  0  1  1;
  3  100  13.8  60  6  0  0  1.3125  0.1813  0  5.89  0  1.2578  0.25  0  0.6  0  6.02  1.806  0  0  1  1  0.002  0  0  1  1;
 ];

Tg.con = [ ... 
  2  1  1  0.02  2  0.3  0.1  0.45  0  12  50  1  1  0.5  1  1.5  1  1.163  0.105  1;
  3  1  1  0.02  2  0.3  0.1  0.45  0  12  50  1  1  0.5  1  1.5  1  1.163  0.105  1;
 ];

Exc.con = [ ... 
  1  2  5  -5  20  0.2  0.063  0.35  1  0.314  0.001  0.0039  1.555;
  2  2  5  -5  20  0.2  0.063  0.35  1  0.314  0.001  0.0039  1.555;
  3  2  5  -5  20  0.2  0.063  0.35  1  0.314  0.001  0.0039  1.555;
 ];

Pss.con = [ ... 
  1  2  1  0.1  -0.1  5  10  0.38  0.02  0.38  0.02  25  0.5  20  5  0.045  0.045  0.045  -0.045  1  0.95  0  1;
  2  2  1  0.1  -0.1  5  10  0.38  0.02  0.38  0.02  25  0.5  20  5  0.045  0.045  0.045  -0.045  1  0.95  0  1;
  3  2  1  0.1  -0.1  5  10  0.38  0.02  0.38  0.02  25  0.5  20  5  0.045  0.045  0.045  -0.045  1  0.95  0  1;
 ];

Bus.names = {... 
  'Bus 1'; 'Bus 2'; 'Bus 3'; 'Bus 4'; 'Bus 5'; 
  'Bus 6'; 'Bus 7'; 'Bus 8'; 'Bus 9'};

Varname.idx = [... 
    1;     2;     3;     4;     5;     6;     7;
    8;     9;    10;    11;    12;    13;    14;
   15;    16;    17;    18;    19;    20;    21;
   22;    23;    24;    25;    26;    27;    28;
   29;    30;    31;    32;    33;    34;    35;
   36;    37;    38;    39;    40;    41;    42;
   43;    44;    45;    46;    47;    48;    49;
   50;    51;    52;    53;    54;    55;    56;
   57;    58;    59;    60;    61;    62;    63;
   64;    65;    66;    67;    68;    69;    70;
   71;    72;    73;    74;    75;    76;    77;
   78;    79;    80;    81;    82;    83;   102;
  103;   104;   105;   106;   107;   108;   109;
  110;   111;   112;   113;   114;   115;   116;
  117;   118;   119; 
   ];
